
JOB_TITLE                                                                          EMPLOYEES
---------------------------------------------------------------------------------- ----------
Accounting Manager                                                                          1
President                                                                                   1
Marketing Manager                                                                           1
Public Accountant                                                                           1
Human Resources Representative                                                              1
Purchasing Manager                                                                          1
Finance Manager                                                                             1
Administration Assistant                                                                    1
Marketing Representative                                                                    1
Public Relations Representative                                                             1
Administration Vice President                                                               2
Stock Manager                                                                               5
Programmer                                                                                  5
Purchasing Clerk                                                                            5
Accountant                                                                                  5
Sales Manager                                                                               5
Stock Clerk                                                                                 20
Shipping Clerk                                                                              20
Sales Representative                                                                        30

19 rows selected. 


      HIGH        LOW    AVERAGE High and Low Difference
---------- ---------- ---------- -----------------------
      5000        100    1894,67                    4900


  ORDER_ID TOTAL_ITEMS TOTAL_AMOUNT
---------- ----------- ------------
        70         727   1278962,17
        46        1032   1269323,77
        78         585   1198331,59
         1        1343   1143716,87
        68         885   1088670,12
        27        1203   1084871,49
        32         747   1081679,88
        92         790   1050939,97
        59         881   1043144,72
        76         959    953702,32
       104         632    950118,04
        60         820    926416,51
        94         800    897148,08
        14         658    895138,61
        43         650    893175,62
        39         969     864986,3
        13         921    863963,89
        90         846    854465,81
        91         962    852564,76
        18         714    840110,62
        67         950    819908,58
        58         928    804432,32
        23         765    796470,07
        87        1027    776785,85
        69         581    755093,92
        12        1074    752198,64
        81         786    707790,64
        75         927    698612,98
        19         914    697288,63
        40         963    676068,67
         9         769    674744,86
        28         831    665277,37
        57         542    645379,54
        38         654    630829,45
        10         883    620962,99
        73         530    619658,16
        97         429    616763,19
         4         693    613735,06
        66         792    606860,75
         2         717    590302,91
        77         591    582516,94
        42         652    576401,99
        22         917    567630,27
        99         649    559409,26
        54         343    557456,65
        95         605    532192,85
        65         523    514267,91
        29         831    508588,59
       101         664     508078,3
        16         669    501733,71
        89         775    499526,41
        83         645    492971,63
        15         701    492688,49
        25         700    484279,39
        26         391    452285,67
        44         403    433783,37
         6         686    422361,97
         3         678    417049,24
        30         508     414596,7
        82         687    398636,25
        74         656    397057,12
        71         259    394765,27
        84         610    387837,42
        35         474    377235,86
        24         482    377045,69
       105         464    372002,04
         8         792    354128,59
        61         446    351942,57
        37         379    336979,95
        21         480     322766,2
        47         500    320913,15
        33         556    314638,71
        55         276    313492,14
        88         245    307842,27
        31         505    305695,66
        79         482     303650,8
        34         559    295563,44
        53         421    280997,49
        41         685    277585,23
        36         689    273724,44
        48         144    273591,14
        72         369    269555,56
        93         400    236531,07
         5         352    192101,11
        45         257    148000,27
       102         335    139426,65
        86         214    121128,86
       103         259    107681,99
        63         119     99130,81
        98         148     95212,96
        80          63     92607,48
        20         183     90695,37
        64         113     72858,87
        85         149     71924,45
        51          98     69083,02
        62         130      62723,7
        50          49     40664,61
        11         192     39687,59
        49         104     37282,96
        56          70        30821
         7         123     29267,81
        17          51     14431,98
       100          70      10491,6
        96          34      9111,66
        52         123      5164,77

105 rows selected. 


WAREHOUSE_ID WAREHOUSE_NAME         TOTAL_PRODUCTS
------------ -------------------------------------
           1 Southlake, Texas                 5483
           2 San Francisco                   28613
           3 New Jersey                       7252
           4 Seattle, Washington             14860
           5 Toronto                         12969
           6 Sydney                          20457
           7 Mexico City                      9039
           8 Beijing                         13482
           9 Bombay                           7357

9 rows selected. 


CUSTOMER_ID customer name           total number of orders
----------- ----------------------- ----------------------
         44 Jabil Circuit                                5
         58 Health Net                                   1
         69 Whole Foods Market                           1
        174 Oracle                                       0
        196 DuPont                                       0
        113 Microsoft                                    0
        127 Alphabet                                     0
        117 Home Depot                                   0
        255 Waste Management                             0
         27 Assurant                                     0
        260 Occidental Petroleum                         0
        129 Target                                       0
        197 Avnet                                        0
        226 Office Depot                                 0
        158 Owens Minor                                  0
         88 Walmart                                      0
        128 Comcast                                      0

17 rows selected. 


CATEGORY_ID TOTAL_AMOUNT AVERAGE_AMOUNT
----------- ------------ --------------
          1     20041993      126050,27
          2   13787520,6      131309,72
          4   4918418,15       35640,71
          5   13994160,8       53209,74

